SLURM_CPUS_PER_TASK 4
Var Soma
../D4500.LEFT_CC.raw
Dim: 4201x1831
GL:   4096

Soma CPU: 61500060 
Cpu Time: 0.385983

**Soma Co-Matrix: 1.000000000002217

         Time: 0.006111905444413
      Energia: 0.003085786757186

         Time: 0.010093194898218
    Contraste: 17939.106872224998369

         Time: 0.025141532067209
   Correlacao: 0.994419345892995

         Time: 0.012055064085871
    Variância: 1607258.443932804046199

         Time: 0.020768735092133
          MDI: 0.088537954664895

         Time: 0.022597570903599
     Entropia: 17.112265174299736

         Time: 29.015100595075637
   Media Soma: 2262.739198628423310

         Time: 58.044486254919320
VarianciaSoma: 6411094.668858808465302

         Time: 29.052547303959727
Soma Entropia: 11.542224683150563

         Time: 53.495191925205290
Variancia Dif: 4764230.477582935243845

         Time: 24.404415478929877
 Dif Entropia: 7.541920901664674

