GCC 5
SLURM_CPUS_PER_TASK 12
**Soma Co-Matrix: 1.00000000000222
Ener:     0.003086
MDI:      0.088538
Entr:     17.112265
Var:      1607258.443933
Con:      17939.106872
Cor:      6690836.270954
MSoma:    2262.739199
SomaVar:  6411094.668859
SomaEntr: 11.542225
DifVar:   4764230.477583
DifEntr:  7.541921
26.131395
